Влез
3
2
101 90 5
102 85 6
103 70 7
201 60 8
202 55 5
Излез
101 102 103 
201 102 

Влез
2
3
301 95 10
302 80 5
401 70 3
402 65 8
403 60 6
Излез
301 302 
402 403 301 

Влез
4
3
501 75 6
502 85 3
503 90 5
504 80 7
601 50 4
602 55 2
603 65 8
Излез
501 502 503 504 
601 603 504 

Влез
3
3
701 100 1
702 95 3
703 80 4
801 70 6
802 85 2
803 60 7
Излез
701 702 703 
801 803 703 

Влез
5
4
901 99 4
902 88 5
903 77 6
904 66 7
905 55 8
1001 60 3
1002 75 2
1003 80 4
1004 90 5
Излез
901 902 903 904 905 
1001 1003 1004 903 

