Влез
3
2
5636 38 8
1705 49 4
3606 48 1
6698 40 2
1178 2 40
Излез
5636 3606 6698
1178 1705

Влез
2
2
1024 30 5
2048 35 6
4096 40 1
8192 25 2
Излез
1024 8192
4096 2048

Влез
4
3
1001 10 3
1002 15 2
1003 20 4
1004 30 1
2001 45 0
2002 35 2
2003 25 3
Излез
1001 1002 1003 2003
2001 2002 1004

Влез
3
3
5001 25 2
5002 20 1
5003 30 3
6001 35 4
6002 40 5
6003 50 6
Излез
5001 5002 5003
6002 6003 6001

Влез
5
4
1111 10 3
1112 20 2
1113 25 1
1114 30 5
1115 35 0
2221 40 3
2222 45 4
2223 50 5
2224 15 2
Излез
1111 1112 1113 1115 2224
2221 2222 2223 1114


